1 0.47375 0.5365853656249999 0.48875 0.5178236390625 0.51125 0.433395871875 0.51 0.3658536578125 0.48624999999999996 0.2983114453125 0.4575 0.2607879921875 0.41125 0.23264540312499998 0.3825 0.2270168859375 0.34875 0.23264540312499998 0.31 0.2607879921875 0.28625 0.3039399625 0.27375 0.3433395875 0.26875 0.3827392125 0.2725 0.45966228906250006 0.28375 0.51031895 0.3225 0.560975609375 0.365 0.58348968125 0.43875000000000003 0.566604128125 0.47375 0.5365853656249999
1 0.63125 0.41651031875 0.6625 0.4183864921875 0.6925 0.3827392125 0.71375 0.320825515625 0.7162499999999999 0.2532833015625 0.705 0.20262664218749998 0.67875 0.16135084375 0.6475 0.135084428125 0.58125 0.11257035625 0.53125 0.12195121874999999 0.5037499999999999 0.1388367734375 0.49749999999999994 0.150093809375 0.49749999999999994 0.21575985000000003 0.46875 0.281425890625 0.49749999999999994 0.3414634140625 0.51125 0.40337711093750006 0.5625 0.42776735468749993 0.63125 0.41651031875
1 0.70875 0.7260788 0.75125 0.6754221390625 0.765 0.64165103125 0.77 0.6116322703125 0.7675 0.55347091875 0.74875 0.497185740625 0.70125 0.4427767359375 0.645 0.4127579734375 0.595 0.414634146875 0.5549999999999999 0.4409005625 0.5237499999999999 0.47842401562500003 0.50625 0.542213884375 0.505 0.5947467171875 0.5387500000000001 0.6435272046875 0.5675 0.718574109375 0.57875 0.7317073171875 0.6212500000000001 0.7373358343749999 0.70875 0.7260788
1 0.48125 0.9061913703125001 0.5675 0.8424015015625 0.56875 0.8067542218750001 0.575 0.7954971859375 0.5825 0.7485928703125 0.575 0.7054408999999999 0.5625 0.6679174484375 0.5325 0.615384615625 0.48875 0.5778611625 0.41624999999999995 0.566604128125 0.3525 0.5872420265625 0.30874999999999997 0.6266416515625 0.29375 0.6829268296875 0.2875 0.7260788 0.31124999999999997 0.80863039375 0.34875 0.8592870546875 0.3875 0.8911819890625001 0.41624999999999995 0.904315196875 0.48125 0.9061913703125001
1 0.8025 0.8724202625 0.78125 0.8142589125 0.735 0.7560975609375 0.6875 0.727954971875 0.63375 0.72983114375 0.595 0.7410881796875 0.57875 0.7542213890625 0.5662499999999999 0.776735459375 0.54 0.8968105062499999 0.54125 0.9305816140625 0.56875 0.998123828125 0.78125 0.998123828125 0.8025 0.9474671671875001 0.80625 0.9155722328125 0.8025 0.8724202625
1 0.99875 0.8217636015625001 0.99875 0.6604127578125001 0.975 0.6172607875 0.9412499999999999 0.590994371875 0.8875 0.5872420265625 0.8375 0.615384615625 0.7925 0.6585365859375 0.77 0.703564728125 0.7625 0.7354596625 0.76 0.782363978125 0.7875 0.8330206375 0.8099999999999999 0.9174484046875 0.8487500000000001 0.9305816140625 0.925 0.92682926875 0.99875 0.8217636015625001
1 0.2325 0.6360225140625 0.25875 0.6022514078125 0.28375 0.5196998125000001 0.28375 0.470919325 0.27125 0.3977485921875 0.26 0.3658536578125 0.22625 0.320825515625 0.1875 0.29643527187499996 0.12125 0.2926829265625 0.07125000000000001 0.326454034375 0.042499999999999996 0.369606003125 0.03875 0.390243903125 0.03 0.40337711093750006 0.025 0.4409005625 0.0225 0.48405253281249994 0.0325 0.5121951218749999 0.12375 0.6510318953125 0.1375 0.664165103125 0.19375 0.664165103125 0.2325 0.6360225140625
1 0.14250000000000002 0 0.13 0.0356472796875 0.13 0.09005628593750001 0.14750000000000002 0.168855534375 0.1825 0.2363977484375 0.2125 0.2645403375 0.26125 0.2833020640625 0.30125 0.2833020640625 0.3375 0.24765478437500002 0.385 0.2288930578125 0.39875 0.19136960625 0.40750000000000003 0.144465290625 0.40625 0.110694184375 0.39625 0.0600375234375 0.3675 0 0.14250000000000002 0
1 0.7525000000000001 0.6810506562499999 0.75625 0.6885553468750001 0.76625 0.6810506562499999 0.78125 0.6454033765625 0.7849999999999999 0.6003752343750001 0.7787499999999999 0.5797373359375 0.79125 0.5572232640625 0.8324999999999999 0.5309568484375 0.8625 0.5253283296875 0.875 0.5628517828125 0.8875 0.566604128125 0.9175000000000001 0.529080675 0.93 0.4915572234375 0.93125 0.4427767359375 0.78625 0.2288930578125 0.7675 0.2363977484375 0.7275 0.302063790625 0.71875 0.40712945625 0.7175 0.457786115625 0.7462500000000001 0.502814259375 0.77125 0.566604128125 0.76875 0.639774859375 0.75625 0.6660412765625 0.7525000000000001 0.6810506562499999
1 0.52125 0.1313320828125 0.54625 0.11444652968749999 0.5725 0.065666040625 0.58875 0 0.3625 0.001876171875 0.385 0.045028142187499995 0.41375 0.12382739218750001 0.4425 0.144465290625 0.47125000000000006 0.14634146406249998 0.52125 0.1313320828125
1 0 0.35272044999999996 0.05125 0.35834896875 0.09875 0.2983114453125 0.13125 0.21575985000000003 0.13625 0.14258911875 0.1275 0.024390243750000002 0.11499999999999999 0.0187617265625 0.1 0.03377110625 0.00375 0.17448405312499998 0 0.1819887421875 0 0.35272044999999996