0 0.675585284375 0.6130952375 0.6989966562500001 0.5714285718750001 0.70568561875 0.434523809375 0.6688963203125 0.3571428578125 0.6086956515625 0.3630952375 0.5752508359374999 0.446428571875 0.5752508359374999 0.547619046875 0.612040134375 0.6369047625 0.6354515046875 0.6428571421875 0.675585284375 0.6130952375
0 0.4849498328125 0.5178571421875 0.4849498328125 0.41071428593750003 0.441471571875 0.33928571406249997 0.3913043484375 0.3630952375 0.35451505 0.45238095312500004 0.35785953125000003 0.565476190625 0.3979933109375 0.63095238125 0.4581939796875 0.5952380953125 0.4849498328125 0.5178571421875
0 0.3076923078125 0.7797619046875 0.2809364546875 0.74404761875 0.2508361203125 0.74404761875 0.210702340625 0.8035714281249999 0.1906354515625 0.875 0.20066889687499997 0.99404761875 0.2909699 0.99404761875 0.3143812703125 0.8988095234375001 0.3076923078125 0.7797619046875
0 0.87625418125 0.625 0.9063545156249999 0.5416666671875 0.8929765890624999 0.42261904687499996 0.8695652171875 0.38095238125 0.8294314375 0.36904761875 0.7892976593750001 0.440476190625 0.7859531765625001 0.50595238125 0.8026755859374999 0.5833333328125 0.8428093640625001 0.6369047625 0.87625418125 0.625
0 0.729096990625 0.8869047625 0.6989966562500001 0.809523809375 0.6555183953125 0.7797619046875 0.6287625421875 0.827380953125 0.618729096875 0.8630952375 0.6287625421875 0.99404761875 0.7224080265625 0.99404761875 0.729096990625 0.8869047625
0 0.9966555187499999 0.99404761875 0.9966555187499999 0.8035714281249999 0.9297658859375 0.7738095234375 0.9063545156249999 0.815476190625 0.8996655515624999 0.934523809375 0.9130434781250001 0.9761904765624999 0.9230769234375 0.99404761875 0.9966555187499999 0.99404761875
0 0.2541806015625 0 0.260869565625 0.0952380953125 0.324414715625 0.20238095312499998 0.35451505 0.178571428125 0.35785953125000003 0.059523809375 0.3444816046875 0 0.2541806015625 0
0 0.5351170562500001 0.178571428125 0.558528428125 0.125 0.551839465625 0.00595238125 0.468227425 0 0.46488294375 0.059523809375 0.4849498328125 0.1369047625 0.5183946484375 0.184523809375 0.5351170562500001 0.178571428125
0 0.70568561875 0 0.6989966562500001 0.0357142859375 0.7023411375 0.125 0.735785953125 0.1547619046875 0.76923076875 0.1428571421875 0.799331103125 0.059523809375 0.7859531765625001 0 0.70568561875 0
0 0.501672240625 0.815476190625 0.4782608703125 0.8214285718750001 0.4515050171875 0.9166666671874999 0.4548494984375 0.99404761875 0.531772575 0.99404761875 0.52842809375 0.8869047625 0.501672240625 0.815476190625
0 0.9966555187499999 0.053571428125 0.9799331109375 0.0357142859375 0.9498327765625 0.053571428125 0.9498327765625 0.20238095312499998 0.9598662203125 0.24404761874999997 0.9966555187499999 0.2916666671875 0.9966555187499999 0.053571428125