0 0.4782608703125 0.5714285718750001 0.501672240625 0.5 0.4916387953125 0.3928571421875 0.468227425 0.3571428578125 0.438127090625 0.3511904765625 0.4013377921875 0.3988095234375 0.39464882968750004 0.49404761875 0.404682275 0.5357142859375 0.4515050171875 0.5833333328125 0.4782608703125 0.5714285718750001
0 0.6521739125 0.565476190625 0.675585284375 0.49404761875 0.6655518390624999 0.3869047625 0.6287625421875 0.3452380953125 0.5819398 0.36904761875 0.5719063546875 0.4047619046875 0.5785953171875 0.5119047625 0.612040134375 0.559523809375 0.6521739125 0.565476190625
0 0.7859531765625001 0.8988095234375001 0.8093645484374999 0.8214285718750001 0.799331103125 0.7321428578125 0.76254180625 0.6666666671875 0.7157190640625 0.690476190625 0.7090301 0.7857142859375 0.7257525078125 0.8630952375 0.7591973249999999 0.9047619046875001 0.7859531765625001 0.8988095234375001
0 0.240802675 0.815476190625 0.2207357859375 0.690476190625 0.1672240796875 0.7083333328125 0.1371237453125 0.7738095234375 0.13377926406250001 0.8392857140625001 0.1605351171875 0.9107142859374999 0.2140468234375 0.88095238125 0.240802675 0.815476190625
0 0.321070234375 0.5297619046875 0.3311036796875 0.434523809375 0.30434782656250003 0.36904761875 0.26755852812500003 0.375 0.240802675 0.42261904687499996 0.23745819375 0.5119047625 0.26755852812500003 0.577380953125 0.28762541875 0.577380953125 0.321070234375 0.5297619046875
0 0.4581939796875 0.86904761875 0.46488294375 0.75595238125 0.42809364531250005 0.690476190625 0.377926421875 0.7738095234375 0.384615384375 0.875 0.4013377921875 0.922619046875 0.42140468281250004 0.9285714281249999 0.4581939796875 0.86904761875
0 0.7491638796875 0.0297619046875 0.70568561875 0.0416666671875 0.675585284375 0.11309523749999999 0.678929765625 0.2202380953125 0.6989966562500001 0.2321428578125 0.7525083609375 0.1428571421875 0.7491638796875 0.0297619046875
0 0.4013377921875 0.1666666671875 0.3979933109375 0.065476190625 0.381270903125 0.0297619046875 0.34113712343749997 0.0297619046875 0.324414715625 0.08333333281250001 0.321070234375 0.11904761875 0.34113712343749997 0.184523809375 0.3712374578125 0.196428571875 0.4013377921875 0.1666666671875
0 0.5986622078125 0.86904761875 0.5986622078125 0.7916666671875 0.5752508359374999 0.7202380953125 0.555183946875 0.7261904765625 0.5384615390625 0.7738095234375 0.531772575 0.8630952375 0.555183946875 0.922619046875 0.5719063546875 0.922619046875 0.5986622078125 0.86904761875
0 0.58528428125 0.065476190625 0.555183946875 0.0297619046875 0.5150501671875001 0.08333333281250001 0.5150501671875001 0.184523809375 0.5484949828125 0.2202380953125 0.5819398 0.1547619046875 0.58528428125 0.065476190625
0 0.20066889687499997 0.11309523749999999 0.18060200625 0.0952380953125 0.143812709375 0.16071428593749998 0.143812709375 0.25595238125 0.17056856250000002 0.297619046875 0.20401337812499998 0.2202380953125 0.20066889687499997 0.11309523749999999