0 0.5083612046875 0.565476190625 0.5484949828125 0.428571428125 0.531772575 0.315476190625 0.494983278125 0.2619047625 0.438127090625 0.2619047625 0.3979933109375 0.3452380953125 0.3979933109375 0.446428571875 0.41471571875 0.5119047625 0.4782608703125 0.5833333328125 0.5083612046875 0.565476190625
0 0.3110367890625 0.5178571421875 0.3311036796875 0.446428571875 0.3311036796875 0.36904761875 0.3076923078125 0.2916666671875 0.2508361203125 0.2797619046875 0.207357859375 0.3571428578125 0.20066889687499997 0.4583333328125 0.2274247484375 0.547619046875 0.270903009375 0.565476190625 0.3110367890625 0.5178571421875
0 0.210702340625 0.8988095234375001 0.22408026718750002 0.7619047625 0.1939799328125 0.690476190625 0.1605351171875 0.672619046875 0.11036789375 0.7142857140625 0.0735785953125 0.8035714281249999 0.07023411406249999 0.875 0.10033444843749999 0.9880952375 0.14046822812499998 0.99404761875 0.210702340625 0.8988095234375001
0 0.7257525078125 0.565476190625 0.76923076875 0.446428571875 0.76923076875 0.36904761875 0.7491638796875 0.309523809375 0.7023411375 0.25595238125 0.6622073578125 0.25 0.618729096875 0.327380953125 0.618729096875 0.4166666671875 0.6387959859375 0.5119047625 0.6956521734375001 0.5714285718750001 0.7257525078125 0.565476190625
0 0.6354515046875 0.99404761875 0.6655518390624999 0.922619046875 0.6655518390624999 0.815476190625 0.6354515046875 0.7321428578125 0.612040134375 0.7202380953125 0.5752508359374999 0.8214285718750001 0.5719063546875 0.8988095234375001 0.5886287625 0.9761904765624999 0.6053511703125001 0.99404761875 0.6354515046875 0.99404761875
0 0.44816053437500003 0.99404761875 0.494983278125 0.8988095234375001 0.49832775937499996 0.7797619046875 0.48829431406249996 0.7321428578125 0.46488294375 0.690476190625 0.438127090625 0.684523809375 0.41471571875 0.702380953125 0.384615384375 0.7678571421875 0.3745819390625 0.8035714281249999 0.384615384375 0.9285714281249999 0.41137123750000004 0.99404761875 0.44816053437500003 0.99404761875
0 0.8996655515624999 0.9642857140625001 0.9264214046875001 0.86904761875 0.9264214046875001 0.797619046875 0.9063545156249999 0.7202380953125 0.8628762546875001 0.6547619046875 0.8127090296875 0.6666666671875 0.792642140625 0.7202380953125 0.7892976593750001 0.8035714281249999 0.8160535109374999 0.9285714281249999 0.8561872906250001 0.9761904765624999 0.8996655515624999 0.9642857140625001
0 0.17056856250000002 0.1369047625 0.17391304375 0 0.086956521875 0.00595238125 0.086956521875 0.1547619046875 0.1036789296875 0.20833333281250002 0.1304347828125 0.2142857140625 0.17056856250000002 0.1369047625
0 0.7491638796875 0 0.7558528421874999 0.10714285781249999 0.76923076875 0.13095238125 0.795986621875 0.125 0.8628762546875001 0 0.7491638796875 0
0 0.6354515046875 0.059523809375 0.64548495 0 0.5418060203125 0.0119047625 0.561872909375 0.0892857140625 0.5986622078125 0.11309523749999999 0.6354515046875 0.059523809375
0 0.3979933109375 0.08333333281250001 0.4247491640625 0.0357142859375 0.42809364531250005 0 0.30434782656250003 0.00595238125 0.34113712343749997 0.0952380953125 0.3678929765625 0.10714285781249999 0.3979933109375 0.08333333281250001