0 0.561872909375 0.625 0.612040134375 0.5238095234375 0.615384615625 0.3988095234375 0.6053511703125001 0.3571428578125 0.58528428125 0.309523809375 0.5351170562500001 0.2916666671875 0.505016721875 0.32142857187499996 0.48829431406249996 0.3869047625 0.4849498328125 0.4702380953125 0.49832775937499996 0.5416666671875 0.5250836125 0.6130952375 0.561872909375 0.625
0 0.41137123750000004 0.5952380953125 0.4247491640625 0.5357142859375 0.41471571875 0.3869047625 0.3913043484375 0.33928571406249997 0.3645484953125 0.327380953125 0.327759196875 0.3630952375 0.30100334375000004 0.440476190625 0.30434782656250003 0.5714285718750001 0.3444816046875 0.6607142859375 0.3678929765625 0.6607142859375 0.41137123750000004 0.5952380953125
0 0.7491638796875 0.559523809375 0.7826086953125 0.4583333328125 0.7792642140625 0.3571428578125 0.735785953125 0.2678571421875 0.7023411375 0.2678571421875 0.6822742468749999 0.30357142812500004 0.6688963203125 0.3571428578125 0.678929765625 0.4761904765625 0.7157190640625 0.547619046875 0.7491638796875 0.559523809375
0 0.88963210625 0.9642857140625001 0.916387959375 0.8511904765624999 0.9030100328125 0.7321428578125 0.8729096984375 0.6785714281249999 0.8428093640625001 0.6607142859375 0.8093645484374999 0.6666666671875 0.7892976593750001 0.7142857140625 0.7892976593750001 0.827380953125 0.8127090296875 0.9047619046875001 0.8561872906250001 0.9642857140625001 0.88963210625 0.9642857140625001
0 0.6588628765625 0.9166666671874999 0.6387959859375 0.7857142859375 0.612040134375 0.7380952375 0.5785953171875 0.7202380953125 0.555183946875 0.7916666671875 0.551839465625 0.8928571421875 0.5752508359374999 0.99404761875 0.64548495 0.99404761875 0.6588628765625 0.9166666671874999
0 0.4548494984375 0.8035714281249999 0.4314381265625 0.809523809375 0.41471571875 0.88095238125 0.41471571875 0.99404761875 0.4916387953125 0.99404761875 0.48829431406249996 0.8988095234375001 0.4548494984375 0.8035714281249999
0 0.2842809359375 0.797619046875 0.23076923124999998 0.7857142859375 0.1906354515625 0.8988095234375001 0.1872909703125 0.99404761875 0.2976588625 0.99404761875 0.30100334375000004 0.88095238125 0.2842809359375 0.797619046875
0 0.1906354515625 0 0.1906354515625 0.08333333281250001 0.2274247484375 0.184523809375 0.2809364546875 0.2321428578125 0.29431438125 0.196428571875 0.29431438125 0.10714285781249999 0.270903009375 0 0.1906354515625 0
0 0.3678929765625 0 0.387959865625 0.11309523749999999 0.4247491640625 0.17261904687500002 0.444816053125 0.1666666671875 0.4581939796875 0.13095238125 0.4615384609375 0 0.3678929765625 0
0 0.565217390625 0 0.565217390625 0.0178571421875 0.5819398 0.077380953125 0.6321070234375 0.10714285781249999 0.6622073578125 0 0.565217390625 0
0 0.7792642140625 0 0.8026755859374999 0.13095238125 0.8327759203125 0.17261904687500002 0.8628762546875001 0.11904761875 0.8628762546875001 0 0.7792642140625 0