0 0.675585284375 0.6011904765625 0.6822742468749999 0.4761904765625 0.6521739125 0.4047619046875 0.595317725 0.3928571421875 0.551839465625 0.4761904765625 0.5484949828125 0.5892857140625 0.595317725 0.684523809375 0.6521739125 0.6488095234375 0.675585284375 0.6011904765625
0 0.4548494984375 0.5833333328125 0.4615384609375 0.4583333328125 0.42809364531250005 0.38095238125 0.3612040140625 0.4047619046875 0.3311036796875 0.48214285781250005 0.327759196875 0.565476190625 0.3612040140625 0.6607142859375 0.42140468281250004 0.6428571421875 0.4548494984375 0.5833333328125
0 0.846153846875 0.6666666671875 0.8795986625 0.5833333328125 0.8729096984375 0.4702380953125 0.846153846875 0.42261904687499996 0.8093645484374999 0.4047619046875 0.7892976593750001 0.4166666671875 0.76254180625 0.48809523749999995 0.7658862875 0.5952380953125 0.7792642140625 0.625 0.8160535109374999 0.672619046875 0.846153846875 0.6666666671875
0 0.2842809359375 0.827380953125 0.26755852812500003 0.7916666671875 0.23076923124999998 0.7797619046875 0.1839464890625 0.8452380953124999 0.1672240796875 0.9107142859374999 0.1638795984375 0.99404761875 0.2775919734375 0.99404761875 0.2909699 0.922619046875 0.2842809359375 0.827380953125
0 0.324414715625 0.2321428578125 0.3311036796875 0.0892857140625 0.317725753125 0.0357142859375 0.29431438125 0 0.2341137125 0.00595238125 0.23076923124999998 0.11309523749999999 0.2441471578125 0.1547619046875 0.2976588625 0.2380952375 0.324414715625 0.2321428578125
0 0.969899665625 0.8392857140625001 0.9063545156249999 0.815476190625 0.8795986625 0.8571428578125 0.88294314375 0.99404761875 0.9966555187499999 0.99404761875 0.9966555187499999 0.8988095234375001 0.969899665625 0.8392857140625001
0 0.6889632109375 0 0.672240803125 0.071428571875 0.6688963203125 0.1428571421875 0.70568561875 0.196428571875 0.7458193984375 0.184523809375 0.7759197328125 0.10119047656249999 0.7591973249999999 0 0.6889632109375 0
0 0.4581939796875 0 0.441471571875 0.0416666671875 0.4581939796875 0.178571428125 0.4849498328125 0.2202380953125 0.5117056859375 0.2202380953125 0.5351170562500001 0.1428571421875 0.52842809375 0.047619046875 0.49832775937499996 0 0.4581939796875 0
0 0.9966555187499999 0.2738095234375 0.9933110375 0.13095238125 0.9498327765625 0.065476190625 0.9230769234375 0.0892857140625 0.9230769234375 0.24404761874999997 0.93645485 0.2916666671875 0.969899665625 0.327380953125 0.9966555187499999 0.2738095234375
0 0.6521739125 0.8214285718750001 0.6254180609375 0.8214285718750001 0.595317725 0.8928571421875 0.5986622078125 0.99404761875 0.6989966562500001 0.99404761875 0.7023411375 0.9166666671874999 0.6521739125 0.8214285718750001
0 0.4749163875 0.8511904765624999 0.44816053437500003 0.86904761875 0.42809364531250005 0.9464285718750001 0.42809364531250005 0.99404761875 0.5083612046875 0.99404761875 0.505016721875 0.9285714281249999 0.4749163875 0.8511904765624999