0 0.5719063546875 0.6547619046875 0.6086956515625 0.5416666671875 0.59197324375 0.41071428593750003 0.565217390625 0.36904761875 0.5250836125 0.3630952375 0.501672240625 0.38095238125 0.47157190625 0.4583333328125 0.47157190625 0.5535714281249999 0.4916387953125 0.6130952375 0.551839465625 0.6666666671875 0.5719063546875 0.6547619046875
0 0.799331103125 0.63095238125 0.82608695625 0.547619046875 0.82608695625 0.4583333328125 0.8093645484374999 0.3988095234375 0.7792642140625 0.3571428578125 0.735785953125 0.3452380953125 0.6956521734375001 0.4166666671875 0.6923076921875 0.50595238125 0.7157190640625 0.5952380953125 0.7759197328125 0.6428571421875 0.799331103125 0.63095238125
0 0.381270903125 0.5952380953125 0.39464882968750004 0.48809523749999995 0.3645484953125 0.3988095234375 0.3110367890625 0.3988095234375 0.2742474921875 0.48214285781250005 0.270903009375 0.565476190625 0.3076923078125 0.6547619046875 0.3377926421875 0.6607142859375 0.381270903125 0.5952380953125
0 0.9966555187499999 0.9107142859374999 0.9799331109375 0.827380953125 0.93645485 0.7619047625 0.8963210703125 0.7619047625 0.8795986625 0.7916666671875 0.8695652171875 0.8988095234375001 0.88963210625 0.9880952375 0.9866220734375 0.99404761875 0.9966555187499999 0.9107142859374999
0 0.2508361203125 0.8035714281249999 0.2207357859375 0.809523809375 0.17391304375 0.8571428578125 0.15050167187500002 0.9285714281249999 0.147157190625 0.99404761875 0.2742474921875 0.99404761875 0.2809364546875 0.8630952375 0.2508361203125 0.8035714281249999
0 0.5351170562500001 0.809523809375 0.4916387953125 0.8214285718750001 0.4615384609375 0.8869047625 0.4581939796875 0.99404761875 0.561872909375 0.99404761875 0.565217390625 0.8928571421875 0.5351170562500001 0.809523809375
0 0.23076923124999998 0.20238095312499998 0.23076923124999998 0.10119047656249999 0.2140468234375 0.053571428125 0.1906354515625 0.047619046875 0.15050167187500002 0.1369047625 0.15050167187500002 0.24404761874999997 0.177257525 0.309523809375 0.1939799328125 0.30357142812500004 0.23076923124999998 0.20238095312499998
0 0.916387959375 0.0892857140625 0.9264214046875001 0.00595238125 0.8327759203125 0 0.8227424750000001 0.0416666671875 0.8227424750000001 0.16071428593749998 0.8294314375 0.190476190625 0.852842809375 0.20238095312499998 0.916387959375 0.0892857140625
0 0.39464882968750004 0 0.377926421875 0.0297619046875 0.377926421875 0.0892857140625 0.40802675624999996 0.16071428593749998 0.444816053125 0.1666666671875 0.4749163875 0.13095238125 0.4782608703125 0.047619046875 0.4615384609375 0 0.39464882968750004 0
0 0.6287625421875 0 0.618729096875 0.0238095234375 0.622073578125 0.1488095234375 0.64882943125 0.190476190625 0.6688963203125 0.184523809375 0.70568561875 0.0952380953125 0.7090301 0 0.6287625421875 0
0 0.6989966562500001 0.827380953125 0.672240803125 0.8511904765624999 0.6521739125 0.922619046875 0.6521739125 0.99404761875 0.735785953125 0.99404761875 0.732441471875 0.922619046875 0.6989966562500001 0.827380953125